TIMESTAMP1=1452653563
TELESCOPE=GEMINI
RA=23.975670123124996
DEC=19.825946547222227
EQUINOX=2000
DRA=0
DDEC=0
FOV=0.100000
LASER_IMPACTED=NO
LASER_STATE=OFF
LOG_DATA=NO
UPDATE_RATE=5
DITHER_RADIUS=0.000000
TIMESTAMP2=1452653563
