TIMESTAMP1=1452653507
TELESCOPE=IRTF
RA=11.960110308599337
DEC=70.1740534527778
EQUINOX=2000
DRA=0
DDEC=0
FOV=0.100000
LASER_IMPACTED=NO
LASER_STATE=OFF
LOG_DATA=NO
UPDATE_RATE=5
DITHER_RADIUS=0.000000
TIMESTAMP2=1452653507
