TIMESTAMP1=1452653541
TELESCOPE=SUBARU
RA=11.96955733884701
DEC=70.1740534527778
EQUINOX=2000
DRA=0
DDEC=0
FOV=0.100000
LASER_IMPACTED=NO
LASER_STATE=OFF
LOG_DATA=NO
UPDATE_RATE=5
DITHER_RADIUS=0.000000
TIMESTAMP2=1452653541
