TIMESTAMP1=1450227450
TELESCOPE=UH2.2M
RA=18.453722823651766
DEC=-7.797811195352892
EQUINOX=2000
DRA=0
DDEC=0
FOV=0.100000
LASER_IMPACTED=NO
LASER_STATE=OFF
LOG_DATA=NO
UPDATE_RATE=5
DITHER_RADIUS=0.000000
TIMESTAMP2=1450227450
